from_stop_id,to_stop_id,transfer_type,min_transfer_time
2388,7376140,2,321
1706,3672261,2,316
2482,7946146,2,240
1809,3757203,2,225
2482,7946145,2,254
2388,7376141,2,274
1809,3757202,2,225
2187,1997,2,155
1960,3781677,2,214
48432,3672223,2,270
2077,8357918,2,281
2059,3764027,2,209
48432,7899213,2,270
1999,4035764,2,212
1999,4035763,2,195
1912,7275197,2,221
2482,7945883,2,225
1912,7275198,2,221
1697,5747133,2,230
2126,1957,2,196
1697,5747132,2,230
4314770,2348,2,204
2126,2213,2,137
2126,2212,2,151
2126,1958,2,97
2077,2213,2,134
48431,7899391,2,270
2077,2212,2,151
2195,3763991,2,270
2333,3887768,2,252
2059,3763986,2,202
2187,1996,2,144
2333,3887769,2,230
1672,1729,2,330
2320,6041756,2,298
1672,4037041,2,276
2097,3755017,2,268
2320,6041755,2,298
2108,7275182,2,202
1918,5355369,2,261
1918,5355368,2,314
1998,7945926,2,321
2077,3749738,2,281
1998,7945927,2,270
2482,8321649,2,205
2450,5976749,2,262
2187,7275163,2,257
2187,7275162,2,321
5122193,2095,2,191
2045,3764140,2,187
2450,5976748,2,259
2474,3682059,2,189
48432,3672158,2,270
1672,3893394,2,276
1672,3893395,2,261
48431,7899262,2,270
2243,4000533,2,314
2006,4834621,2,270
2243,4000534,2,244
1778,3763995,2,274
1706,3672286,2,316
1778,3763996,2,321
1650,7945924,2,248
1968,2155,2,360
1706,4146117,2,316
1672,2167,2,300
2215,3781629,2,208
2450,5976750,2,283
5122192,2045,2,195
1777,7899254,2,227
2126,2235,2,360
1777,7899255,2,257
1853,5244886,2,298
1998,4378088,2,319
6673111,2333,2,201
1809,6251680,2,207
1998,7921367,2,269
2187,7275437,2,330
2231,5244885,2,288
6673107,1672,2,276
2187,7275438,2,321
2126,7920890,2,217
1866,7275158,2,253
2246,3926330,2,225
1942,5161434,2,193
1778,3764100,2,274
2054,4035698,2,228
1866,7275157,2,201
6673106,2333,2,232
6673105,1650,2,234
2237,7275198,2,221
2246,3926329,2,206
2237,7275197,2,221
2530,7931538,2,197
1942,5161433,2,213
1705,4834560,2,223
1809,6251679,2,207
1705,5121833,2,250
1705,5121832,2,271
1705,5121831,2,259
2045,8290122,2,234
2045,8290121,2,189
1705,4834561,2,211
1960,3754320,2,232
1705,4834624,2,223
1705,4834625,2,211
2530,7275160,2,248
2482,7921101,2,275
2126,1910,2,360
1918,5761290,2,241
1918,5761291,2,261
1866,3812968,2,213
1866,3812969,2,215
1866,3812970,2,226
1968,2036,2,360
2197,5370693,2,213
4314770,1809,2,204
48431,7899356,2,270
2059,7275202,2,209
1976,3813523,2,243
1942,5370693,2,213
1866,7945922,2,253
2482,6591520,2,225
1866,7945921,2,201
2187,5138192,2,339
1998,5138194,2,257
6673083,1673,2,191
1998,5138195,2,300
6673111,1866,2,201
2187,5138194,2,257
1998,5138192,2,339
2056,4889526,2,252
2187,5138193,2,330
1998,5138193,2,330
1918,4000534,2,244
1918,4000533,2,314
2187,7946400,2,269
2187,5138195,2,300
2056,4889527,2,252
48431,7899213,2,270
1998,7921308,2,319
2223,2322,2,120
2077,5018143,2,282
2077,8357852,2,217
1998,7921309,2,294
7627517,2006,2,216
2047,8219613,2,227
1921,3926330,2,225
2047,8219612,2,207
2077,3749677,2,217
1777,7899386,2,227
3741081,1918,2,241
48432,3672259,2,270
1650,7931885,2,210
1650,7931883,2,278
1968,1166835,2,360
6748597,2243,2,244
2108,3763986,2,202
1672,7945919,2,215
2077,7920890,2,217
1968,1166834,2,360
2197,3909012,2,213
1921,3926329,2,206
2348,3757202,2,225
2348,3757203,2,225
2237,5121048,2,287
1923,4238700,2,242
2530,7275458,2,248
2237,5121049,2,287
1912,3730042,2,204
2126,7899131,2,235
2126,7899133,2,274
1912,3730041,2,221
2195,5688790,2,216
1998,7921310,2,316
48432,3672284,2,270
2530,7931885,2,210
2530,7931883,2,278
2006,7376198,2,270
3741082,1918,2,244
1866,3893356,2,208
1866,3893357,2,219
4473143,2187,2,321
1664,3682059,2,189
2195,7275465,2,270
2077,2235,2,360
2530,7931916,2,197
2530,7275441,2,234
2320,5244886,2,298
6673103,1998,2,330
4473136,2386,2,320
1976,3813522,2,225
2077,7899133,2,274
2077,7899131,2,235
2195,5688789,2,216
4473140,2348,2,225
48431,3672284,2,270
5122175,1705,2,265
2333,3893357,2,219
2333,3893356,2,208
4314769,1809,2,204
1650,7945878,2,234
1998,7946400,2,269
1672,6591460,2,261
2095,8290122,2,234
2095,8290121,2,189
2482,7932208,2,240
2482,7932207,2,254
2223,1166835,2,360
1941,5244885,2,288
2223,1166834,2,360
1672,7964952,2,261
6673097,2386,2,320
2045,22790,2,150
2248,4238699,2,242
2333,3813043,2,232
2195,5067480,2,215
2482,7945919,2,275
2195,5067481,2,215
2126,5018143,2,282
2006,3763991,2,270
5122192,2095,2,195
1672,7964969,2,153
2045,3730668,2,221
2126,3749738,2,281
2223,1967,2,120
2387,3678787,2,257
2223,1966,2,540
7981185,2248,2,225
7653670,1866,2,230
2223,1965,2,480
2103,7985473,2,285
2103,7985472,2,204
2387,3678786,2,227
2187,4378088,2,319
2045,3730667,2,234
2248,4238788,2,293
7627517,2195,2,216
1672,1977,2,300
7981185,1923,2,225
2188,4035763,2,195
1853,5244905,2,298
4473138,2385,2,388
1809,5121931,2,234
1778,7376140,2,321
1778,7376141,2,274
1809,5121930,2,234
2077,1910,2,360
2105,4889488,2,252
2105,4889489,2,252
1672,2472,2,180
2348,6041793,2,251
2097,4458777,2,207
2045,5231725,2,185
2006,5688790,2,216
2348,6041794,2,234
2126,7899176,2,217
2077,7946090,2,217
2045,5231724,2,195
7653669,1866,2,252
2188,4035764,2,212
2530,7275208,2,226
1672,7922564,2,277
6673087,2127,2,217
2473,5747133,2,230
2097,4255013,2,204
4473143,1998,2,321
2473,5747132,2,230
2333,7921056,2,219
2045,22789,2,150
2077,7946134,2,282
1960,3781629,2,208
2237,3730042,2,204
2237,3730041,2,221
2482,4037041,2,276
2231,5244904,2,288
4473139,1775,2,353
2482,3893353,2,277
2097,8219612,2,207
2482,7946195,2,240
2482,7946194,2,254
4473144,2530,2,234
1672,7921058,2,225
2097,8219613,2,227
2482,7931806,2,205
2450,5161445,2,192
2054,6673035,2,228
2450,5161446,2,192
2054,6673036,2,285
2006,5688789,2,216
2333,7945881,2,232
2333,7945880,2,236
2187,7945876,2,330
2077,7991820,2,281
7653670,2333,2,230
2126,3749677,2,217
2451,3678810,2,288
2059,7275182,2,202
6673108,1672,2,215
1672,8451936,2,240
1672,6591520,2,225
1672,7945883,2,225
2103,7985568,2,223
2103,7985569,2,204
2103,7985566,2,273
1672,8451935,2,254
2103,7985567,2,285
1706,3672225,2,316
2348,3764102,2,234
2348,3764103,2,234
1998,7946367,2,294
1960,3970592,2,232
4473154,1809,2,207
1866,3887769,2,230
2006,5067481,2,215
1706,3672226,2,316
1866,3887768,2,252
1998,7946368,2,316
2006,5067480,2,215
6673087,2078,2,217
1672,7275447,2,215
4473129,2127,2,235
1672,7275446,2,276
2215,3781677,2,214
1960,3970599,2,208
6673086,2078,2,235
2482,2472,2,180
2482,2167,2,300
2530,7931552,2,210
6673107,2482,2,276
6673114,1809,2,207
1968,2220,2,480
1968,2221,2,540
1968,2222,2,120
1650,7931552,2,210
2187,7275459,2,270
2237,7275683,2,221
1706,3672161,2,316
1706,3672160,2,316
5122176,1705,2,306
2197,5067606,2,193
2056,4889489,2,252
2077,1957,2,196
2077,4211804,2,282
2197,5067605,2,213
2056,4889488,2,252
2077,1958,2,97
2187,7946368,2,316
2187,7946367,2,294
7627571,2006,2,216
2237,4377716,2,195
2237,4377717,2,195
6748596,1918,2,241
1777,7899299,2,227
1672,7946195,2,240
1672,7946194,2,254
2451,4146117,2,316
2388,3764100,2,274
2045,3764139,2,195
2387,7899300,2,257
1998,2186,2,130
2095,3764139,2,195
1998,2185,2,104
2248,4035778,2,243
6748597,1918,2,244
1912,4377717,2,195
1672,8321649,2,153
1912,4377716,2,195
2006,7275465,2,270
2246,7312086,2,188
2333,7921103,2,208
1650,7931538,2,197
2246,7312087,2,225
2246,7275424,2,188
2246,7275423,2,225
2451,3678809,2,311
2530,4045003,2,197
2103,5991317,2,289
2103,5991316,2,270
4473144,1650,2,234
2482,3893394,2,276
1999,4274303,2,195
1705,5161445,2,192
1999,4274304,2,212
1705,5161446,2,192
2482,3893395,2,261
4473139,2385,2,353
1942,5067606,2,193
1942,5067605,2,213
1998,7275437,2,330
2126,4035729,2,205
2450,4834561,2,211
1998,7275438,2,321
2059,3786300,2,231
2006,7275188,2,270
2450,4834560,2,223
2387,7899299,2,227
2248,4238700,2,242
1866,7921103,2,208
1923,4035778,2,243
1923,4238699,2,242
2482,7922564,2,277
2126,4045033,2,282
2187,2185,2,96
2187,2186,2,129
1650,4045003,2,197
2095,3764140,2,187
2054,7260957,2,289
2047,3730339,2,207
2054,7260956,2,286
1705,5976749,2,262
1912,5121049,2,287
1912,5121048,2,287
1705,5976748,2,259
1650,7931916,2,197
1672,7921101,2,215
2188,4274304,2,212
2095,3730667,2,234
2188,4274303,2,195
2095,3730668,2,221
7981145,2248,2,313
2215,3970592,2,232
5605643,1999,2,212
6673086,2127,2,235
1705,5976750,2,283
1942,3909012,2,213
1650,4037255,2,210
2195,4834621,2,270
2388,7275192,2,274
2388,7275193,2,321
4314738,1809,2,204
2215,3970599,2,208
1912,7275683,2,221
2187,8079726,2,330
2187,8079727,2,330
4473142,2187,2,330
2054,5991317,2,289
2054,5991316,2,270
7981145,1923,2,313
2047,3730340,2,227
7627571,2195,2,216
2482,7899574,2,276
1921,7376171,2,225
2077,7991796,2,217
1921,7376172,2,188
3741082,2243,2,244
2188,4117683,2,195
2188,4117682,2,212
6673082,1673,2,191
1999,4117683,2,195
1999,4117682,2,212
6673098,2386,2,304
2223,2155,2,360
2006,5067612,2,270
2006,5067611,2,270
2105,4889526,2,252
2105,4889527,2,252
2195,7376198,2,270
6673114,2348,2,207
2126,7991796,2,217
1672,3893353,2,277
4473130,2127,2,217
5605644,2188,2,195
2530,7945878,2,234
1809,3764102,2,234
4473142,1998,2,330
1809,3764103,2,234
5605644,1999,2,195
2387,7899254,2,227
2450,4834625,2,211
2387,7899255,2,257
2450,4834624,2,223
6673108,2482,2,275
1672,7932208,2,240
1672,7932207,2,254
1918,4758963,2,261
2188,6682693,2,212
1918,4758964,2,314
2095,22790,2,150
2503,5747138,2,251
2243,4758963,2,261
2188,6682694,2,195
2243,4758964,2,314
4473138,1775,2,388
1672,7946146,2,240
1672,7946145,2,254
1942,3909108,2,213
2195,4834678,2,270
2451,3672225,2,316
2095,3764088,2,185
2451,3672226,2,316
2095,3764087,2,185
2450,5121831,2,259
6673104,1998,2,321
2450,5121832,2,271
2248,4238753,2,242
2450,5121833,2,250
2248,4238752,2,242
2126,7275140,2,282
1706,3678810,2,288
1921,7312086,2,188
2246,5161524,2,188
1921,7312087,2,225
2246,5161525,2,225
1663,3682090,2,243
1706,3678809,2,311
2223,2036,2,360
2348,5121931,2,234
2246,7376172,2,188
2126,7946134,2,282
2348,5121930,2,234
2246,7376171,2,225
2333,7945922,2,253
2333,7945921,2,201
6673106,1866,2,232
7981247,1923,2,218
7981246,2248,2,295
2187,7292434,2,330
4473129,2078,2,235
4473126,2483,2,191
2223,2220,2,480
1650,7275160,2,248
2223,2222,2,120
2223,2221,2,540
2482,7899617,2,235
1968,2322,2,120
2103,3972558,2,228
2187,7945926,2,321
2047,4458777,2,207
6673112,1650,2,248
2187,7945927,2,270
6673103,2187,2,330
6748596,2243,2,241
4473125,1673,2,191
2054,7985472,2,204
2054,7985473,2,285
1693,5747138,2,251
6673105,2530,2,234
1998,7275162,2,321
2054,7985569,2,204
2333,7275211,2,232
2108,5121801,2,186
2482,7275155,2,276
1998,7275163,2,257
2108,5121800,2,186
2482,7275154,2,275
2054,7985566,2,273
2054,7985568,2,223
2077,4035729,2,205
2077,7899406,2,282
4473154,2348,2,207
2054,7985567,2,285
2195,7275188,2,270
1921,5161525,2,225
1921,5161524,2,188
2047,3755017,2,268
2387,7899386,2,227
1663,3682071,2,243
1663,3682070,2,260
2095,22789,2,150
7653669,2333,2,252
4473137,2386,2,304
2108,7275202,2,209
2333,7275210,2,236
2451,4146088,2,316
2077,7899176,2,217
1778,7275192,2,274
1778,7275193,2,321
4473130,2078,2,217
2054,3972558,2,228
2077,7275140,2,282
7981247,2248,2,218
2243,5355369,2,261
2243,5355368,2,314
2103,4035698,2,228
1866,7945881,2,232
1866,7945880,2,236
1923,4238753,2,242
6673097,1776,2,320
1923,4238752,2,242
2388,3763996,2,321
2388,3763995,2,274
1866,3813043,2,232
2108,3764027,2,209
4473140,1809,2,225
6673101,2348,2,225
1650,7275441,2,234
1664,5747142,2,297
2451,3672160,2,316
2482,6591460,2,261
2451,3672261,2,316
1809,6041794,2,234
1809,6041793,2,251
2223,1855,2,120
2243,5761291,2,261
2243,5761290,2,241
2348,6251679,2,207
1968,1967,2,120
1968,1966,2,540
1968,1965,2,480
48432,7899356,2,270
2451,3672161,2,316
2388,7275393,2,274
2530,4037255,2,210
2388,7275392,2,321
2474,5747142,2,297
2333,7275443,2,236
2482,4036771,2,240
2474,5747143,2,210
1672,7170698,2,215
2482,4036770,2,254
2333,7275444,2,232
1866,7921056,2,219
1960,3970614,2,232
1672,7899617,2,235
2103,6673036,2,285
2103,6673035,2,228
1968,1855,2,120
2248,7965057,2,250
1777,3678786,2,227
2126,7899406,2,282
2187,7921310,2,316
1672,4036770,2,254
1672,4036771,2,240
1777,7899300,2,257
6673082,2483,2,191
2482,8451936,2,240
1777,3678787,2,257
2126,7946090,2,217
4314769,2348,2,204
2333,7275456,2,253
2482,7170698,2,275
2333,7275455,2,201
48432,7899262,2,270
2126,8357852,2,217
2348,6251680,2,207
1866,7275211,2,232
1866,7275210,2,236
6673098,1776,2,304
1664,5747143,2,210
2197,3909108,2,213
2126,7991820,2,281
2482,7921058,2,225
6673112,2530,2,248
2195,5067611,2,270
2451,3672286,2,316
2077,4045033,2,282
2215,3970614,2,232
1998,7292434,2,330
2195,5067612,2,270
1998,7945876,2,330
48431,3672158,2,270
1921,7275424,2,188
3741081,2243,2,241
1921,7275423,2,225
2530,7945924,2,248
4314737,1809,2,204
1650,7275458,2,248
2482,8451935,2,254
7981246,1923,2,295
4314738,2348,2,204
48431,3672259,2,270
2187,7921309,2,294
1998,1997,2,156
2187,7921308,2,319
1998,1996,2,145
2451,2224154,2,279
2482,1729,2,330
1650,7275208,2,226
2197,5161434,2,193
4473125,2483,2,191
2197,5161433,2,213
2059,5121801,2,186
2126,4211804,2,282
2059,5121800,2,186
2451,2224153,2,279
48431,3672223,2,270
2333,3812968,2,213
2333,3812969,2,215
2097,3730340,2,227
5605643,2188,2,212
1672,7275155,2,276
2348,3757175,2,225
1866,7275443,2,236
2166,3813522,2,225
2348,3757174,2,225
1866,7275444,2,232
2047,4255013,2,204
2047,4458806,2,227
1672,4036988,2,261
2187,7921367,2,269
2166,3813523,2,243
1672,7899574,2,276
48432,7899391,2,270
6673104,2187,2,321
6673099,1775,2,388
2333,3812970,2,226
2095,5231724,2,195
1923,4238788,2,293
2095,5231725,2,185
6673100,1775,2,353
1706,4146088,2,316
2507,3682070,2,260
2507,3682071,2,243
1672,7275154,2,215
2482,1977,2,300
2215,3754320,2,232
6673083,2483,2,191
1923,7965057,2,250
1866,7275456,2,253
1866,7275455,2,201
6673100,2385,2,353
5122175,2450,2,265
2126,8357918,2,281
1778,7275392,2,321
1809,3757175,2,225
1778,7275393,2,274
1809,3757174,2,225
2482,7275446,2,276
2482,7275447,2,275
2482,7964952,2,261
2097,4458806,2,227
4473126,1673,2,191
1998,7275459,2,270
2482,4036988,2,261
2320,5244905,2,298
2045,3764087,2,185
2045,3764088,2,185
1853,6041756,2,298
6673101,1809,2,225
2482,7964969,2,205
5122176,2450,2,306
1853,6041755,2,298
6673099,2385,2,388
2006,4834678,2,270
2103,7260957,2,289
2103,7260956,2,286
1999,6682694,2,195
1999,6682693,2,212
2097,3730339,2,207
4473137,1776,2,304
5122193,2045,2,191
4314737,2348,2,204
1998,8079727,2,330
2507,3682090,2,243
1706,2224153,2,279
1998,8079726,2,330
2108,3786300,2,231
1941,5244904,2,288
1706,2224154,2,279
1672,7931806,2,153
4473136,1776,2,320
2333,7275157,2,201
2333,7275158,2,253
